mjd	w1mag	w1sig	w2mag	w2sig
57314.79188631	14.651	0.07400000000000001	14.026	0.13699999999999998
58762.97125854	14.632	0.071	14.293	0.243
58761.99012069	14.437000000000001	0.063	14.065	0.162
56777.05308156	14.956	0.08800000000000001	14.257	0.161
56776.78987367	14.792	0.081	14.488	0.203
57676.95037639	14.578	0.09	14.112	0.213
57503.25521683	14.482999999999999	0.08	14.182	0.152
58234.82606737	14.46	0.067	14.241	0.174
57870.85971525	14.453	0.065	14.061	0.185
56777.18474912	14.729000000000001	0.07400000000000001	14.31	0.22699999999999998
57870.4014308	14.419	0.066	14.094000000000001	0.20600000000000002
57870.33597898	14.453	0.066	14.025	0.128
56955.8049574	14.710999999999999	0.09	14.699000000000002	0.35100000000000003
58765.84909333	14.595999999999998	0.075	14.457	0.289
58038.21604518	14.594000000000001	0.07200000000000001	13.915	0.125
56955.67354466	14.849	0.091	14.091	0.147
57677.40892223	14.543	0.073	14.059000000000001	0.22699999999999998
57508.23527856	14.457	0.061	14.194	0.16699999999999998
57314.92304517	14.592	0.07200000000000001	13.950999999999999	0.13699999999999998
57138.42530666	14.82	0.105	14.254000000000001	0.172
57315.05420348	14.81	0.11800000000000001	14.132	0.16699999999999998
58234.69516382	14.792	0.086	14.728	0.428
57138.81916373	14.845999999999998	0.09699999999999999	14.45	0.225
58598.63342132	14.69	0.076	13.911	0.13
57315.25094086	14.647	0.079	14.040999999999999	0.147
58601.25059904	14.612	0.077	13.962	0.154
57317.67762343	14.620999999999999	0.08	14.23	0.192
58763.10216185	14.535	0.066	14.297	0.20800000000000002
56956.19957758	14.544	0.096	14.592	0.235
58398.43545549	14.538	0.078	14.02	0.156
58762.2516725	14.530999999999999	0.092	14.259	0.18600000000000003
58601.64305457	14.44	0.062	14.106	0.185
57138.95045005	14.842	0.129	14.78	0.27699999999999997
58762.64425499	14.618	0.071	14.290999999999999	0.19
57318.26796299	14.475999999999999	0.158	14.902000000000001	0.461
57138.68787804	14.782	0.08199999999999999	14.523	0.217
58762.31712415	14.828	0.087	14.149000000000001	0.149
56776.59249961	14.718	0.121	14.21	0.151
57677.47437424	14.557	0.092	14.06	0.132
58765.52196256	14.648	0.13699999999999998	13.975999999999999	0.171
58762.77503098	14.724	0.079	14.133	0.159
56777.71129213	14.734000000000002	0.075	14.575999999999999	0.201
58037.56140032	14.573	0.077	14.308	0.193
57503.64830972	14.67	0.081	14.353	0.19399999999999998
57869.87756197	14.450999999999999	0.065	13.865	0.177
57502.66538641	14.435	0.064	14.727	0.377
58233.97532209	14.6	0.076	14.148	0.221
56777.25058289	14.815	0.08900000000000001	14.683	0.315
56956.39682406	14.811	0.081	14.08	0.159
56957.05426971	14.762	0.08199999999999999	14.958	0.301
58600.79256441	14.741	0.08199999999999999	14.105	0.138
56776.98724774	14.777000000000001	0.092	14.522	0.191
58598.37174184	14.545	0.068	14.235	0.16399999999999998
57317.67775074	14.447000000000001	0.065	14.259	0.165
57870.07404464	14.538	0.069	14.046	0.16399999999999998
57139.54104457	14.832	0.114	14.16	0.161
56956.59407045	14.749	0.081	14.414000000000001	0.18899999999999997
58038.34707594	14.597000000000001	0.071	14.04	0.129
57138.5565923	14.686	0.081	14.562000000000001	0.214
57677.21243897	14.58	0.07200000000000001	14.007	0.17600000000000002
58765.58741417	14.790999999999999	0.098	14.005999999999998	0.153
57677.08140773	14.585999999999999	0.079	13.998	0.212
58598.24083847	14.58	0.071	14.167	0.146
56956.26528397	14.568	0.071	14.852	0.418
58398.23910057	14.627	0.079	14.304	0.21600000000000003
57502.92757572	14.479000000000001	0.069	14.137	0.134
56777.57962453	14.652999999999999	0.069	14.290999999999999	0.23
57869.61562753	14.645	0.081	13.892000000000001	0.17800000000000002
58762.44802742	14.578	0.083	14.085	0.14300000000000002
57870.85958794	14.443	0.07	14.097999999999999	0.141
56956.06803753	14.729000000000001	0.092	14.488	0.212
57676.81934515	14.649000000000001	0.128	13.762	0.14
57677.53995352	14.648	0.09699999999999999	14.095999999999998	0.188
58601.70850626	14.492	0.069	13.985	0.188
58399.08984535	14.68	0.076	13.972000000000001	0.138
58598.69887306	14.604000000000001	0.096	13.96	0.22699999999999998
58764.99873153	14.707	0.08900000000000001	13.959000000000001	0.142
58398.37000388	14.592	0.071	14.243	0.18600000000000003
58601.38137509	14.640999999999998	0.08	14.364	0.192
58234.95684352	14.569	0.07200000000000001	14.241	0.172
56777.31641672	14.595	0.067	14.45	0.179
57677.01595572	14.583	0.071	14.084000000000001	0.14
57139.21289402	14.693	0.08	14.484000000000002	0.195
57677.34347031	14.584000000000001	0.07	13.962	0.141
57138.88487083	14.74	0.078	14.270999999999999	0.16899999999999998
58765.26041069	14.556	0.068	14.355	0.201
58598.89510089	14.556	0.076	14.366	0.209
58601.57760284	14.671	0.077	14.11	0.151
58037.23414193	14.487	0.063	14.001	0.156
56776.98737506	14.609000000000002	0.068	14.565	0.192
58234.49880861	14.603	0.085	14.213	0.218
58398.6318105	14.55	0.068	14.09	0.142
58234.62971207	14.67	0.071	14.012	0.149
58601.44682678	14.613	0.09699999999999999	14.245999999999999	0.157
58038.15059356	14.38	0.064	13.89	0.14300000000000002
58037.62685199	14.592	0.084	14.128	0.149
58601.31592337	14.696	0.083	14.142999999999999	0.166
58037.88878613	14.588	0.073	14.06	0.159
57502.86199652	14.440999999999999	0.062	13.939	0.11900000000000001
57315.44767833	14.512	0.071	14.079	0.142
57318.39912128	14.665	0.078	14.100999999999999	0.2
58038.08514185	14.52	0.068	14.280999999999999	0.18600000000000003
57318.79272341	14.627	0.114	13.847999999999999	0.122
58765.45663826	14.562999999999999	0.068	14.272	0.192
58763.23293771	14.669	0.099	14.285	0.195
58601.9047341	14.538	0.094	14.171	0.184
58762.57880338	14.630999999999998	0.087	14.535	0.248
58601.05424394	14.565	0.075	13.988	0.131
58038.47848868	14.55	0.071	13.931	0.124
57316.03801799	14.503	0.067	14.58	0.26899999999999996
58598.69874574	14.602	0.09	14.583	0.304
58598.56796963	14.627	0.071	14.235	0.157
57677.47450156	14.565	0.071	14.106	0.14
58398.30455222	14.530999999999999	0.075	13.943	0.126
57315.57883659	14.685	0.083	14.052	0.155
57315.90685964	14.505	0.07	14.317	0.213
58234.56426036	14.754000000000001	0.084	14.475999999999999	0.209
57677.27789098	14.562999999999999	0.087	14.035	0.13699999999999998
57869.94301369	14.568	0.086	14.062999999999999	0.149
58598.43719358	14.7	0.07400000000000001	13.98	0.139
56956.92285703	14.742	0.08199999999999999	14.312999999999999	0.18
58765.32573494	14.673	0.079	14.189	0.18
56776.92154132	14.696	0.075	14.298	0.16399999999999998
57138.29414823	14.682	0.086	14.488	0.212
57317.80890905	14.6	0.09699999999999999	14.175	0.177
57676.68831385	14.445	0.071	14.312999999999999	0.209
58037.82333447	14.627	0.098	14.247	0.244
57315.18536174	14.62	0.076	14.668	0.33299999999999996
57138.75358457	14.755	0.08199999999999999	14.302	0.17
56961.39394897	14.73	0.077	14.594000000000001	0.228
58037.69243103	14.448	0.065	13.908	0.11900000000000001
57318.92388167	14.501	0.081	14.005	0.16
57503.38624778	14.460999999999999	0.068	14.517000000000001	0.267
58598.04461064	14.595	0.073	14.164000000000001	0.159
58037.36504527	14.672	0.09300000000000001	13.915999999999999	0.23600000000000002
57870.59778091	14.665999999999999	0.094	14.065	0.19899999999999998
57318.07122556	14.477	0.064	14.799000000000001	0.316
56956.13374388	14.57	0.07	14.179	0.159
57315.31652003	14.568	0.067	14.460999999999999	0.221
57318.66143779	14.534	0.067	14.557	0.23199999999999998
58598.76419742	14.748	0.084	14.130999999999998	0.213
58037.95423785	14.437999999999999	0.099	14.055	0.245
57677.67098481	14.312000000000001	0.06	13.888	0.134
57677.93304801	14.620999999999999	0.147	14.202	0.145
57317.94006735	14.487	0.08	14.298	0.172
58233.71351508	14.65	0.07400000000000001	13.982999999999999	0.15
56776.7240399	14.677	0.073	14.770999999999999	0.365
57677.9329206	14.36	0.066	14.235999999999999	0.153
58037.75788274	14.645999999999999	0.075	14.219000000000001	0.16899999999999998
56776.59237225	14.825	0.085	14.355	0.174
57318.33354211	14.538	0.079	14.388	0.213
57870.2703999	14.634	0.08199999999999999	14.204	0.155
58398.82803815	14.657	0.073	13.919	0.175
57315.57896391	14.548	0.08800000000000001	14.25	0.179
58762.70970664	14.595	0.083	13.995999999999999	0.139
58765.26028329	14.66	0.10400000000000001	14.245999999999999	0.18600000000000003
57503.77934072	14.659	0.083	14.208	0.182
58038.01968956	14.635	0.071	14.083	0.14400000000000002
58398.95894198	14.677	0.078	13.873	0.127
57677.80201668	14.467	0.066	14.229000000000001	0.23199999999999998
58398.50090714	14.627	0.08	14.015999999999998	0.154
56956.79131693	14.71	0.076	14.228	0.245
58597.91383457	14.657	0.07400000000000001	14.107999999999999	0.14800000000000002
57503.32066862	14.712	0.10800000000000001	14.12	0.14800000000000002
58600.92346782	14.489	0.066	14.249	0.184
58600.79269172	14.458	0.091	13.931	0.122
58598.3062901	14.495999999999999	0.069	14.527000000000001	0.297
57870.00859282	14.458	0.066	14.065	0.13699999999999998
58397.84651808	14.681	0.083	14.075999999999999	0.142
58398.56635884	14.482000000000001	0.075	13.817	0.129
58602.03551016	14.573	0.077	14.171	0.18
57139.27860054	14.671	0.129	14.228	0.152
56956.46253041	14.69	0.083	14.132	0.184
58762.84048264	14.642999999999999	0.07200000000000001	13.985999999999999	0.17
58765.3911866	14.492	0.068	13.815999999999999	0.145
57502.79641741	14.512	0.065	14.51	0.262
57315.77570133	14.557	0.067	14.027999999999999	0.138
58234.23700169	14.556	0.08800000000000001	14.276	0.17
57315.71012221	14.665	0.134	14.210999999999999	0.153
57138.29402091	14.674000000000001	0.076	14.658	0.214
57502.53435541	14.55	0.07200000000000001	13.947000000000001	0.128
57502.99302756	14.380999999999998	0.057999999999999996	14.084000000000001	0.158
56956.33099036	14.873	0.09300000000000001	14.610999999999999	0.242
58398.69726211	14.547	0.10099999999999999	14.568	0.257
57677.1468597	14.536	0.08	13.934000000000001	0.14800000000000002
58234.3679051	14.565999999999999	0.084	13.991	0.147
58599.02587694	14.583	0.07	14.174000000000001	0.17300000000000001
57315.38209917	14.505999999999998	0.076	13.943	0.155
57318.13680473	14.550999999999998	0.07400000000000001	14.196	0.168
58762.70957933	14.847000000000001	0.11199999999999999	14.249	0.185
58598.50251791	14.525	0.068	13.849	0.11900000000000001
58761.98999338	14.86	0.107	14.95	0.332
56777.11891535	14.817	0.09300000000000001	14.835999999999999	0.366
57315.64454303	14.475	0.071	14.212	0.18100000000000002
56955.93649744	14.779000000000002	0.09300000000000001	14.817	0.32799999999999996
57139.40975887	14.808	0.12	14.103	0.188
57502.92744836	14.49	0.094	14.045	0.126
57318.66156512	14.48	0.067	14.472999999999999	0.29
57503.05860672	14.503	0.08199999999999999	13.696	0.203
58398.10832466	14.575	0.07400000000000001	14.534	0.2
58765.78364168	14.567	0.068	14.482000000000001	0.345
58234.3024534	14.532	0.067	14.009	0.184
57318.59585862	14.548	0.071	14.036	0.154
57318.20238385	14.4	0.061	14.165999999999999	0.165
58762.38257576	14.458	0.085	14.585999999999999	0.327
58601.77395795	14.693	0.076	14.094000000000001	0.145
58764.86782822	14.565	0.095	14.421	0.20199999999999999
57869.74665838	14.554	0.071	13.921	0.124
57318.53027949	14.655	0.11699999999999999	13.94	0.133
58602.16641358	14.549000000000001	0.07200000000000001	14.238	0.265
57139.40988619	14.9	0.095	14.492	0.26
56956.52823675	14.738	0.095	14.497	0.24100000000000002
56776.46083196	14.764000000000001	0.084	14.834000000000001	0.462
