mjd	w1mag	w1sig	w2mag	w2sig
58408.85424424	14.216	0.065	13.622	0.113
58248.68552766	14.302	0.066	13.575999999999999	0.135
58245.28216684	14.239	0.061	13.595	0.156
58612.29155141	14.585	0.079	13.709000000000001	0.134
58245.5439736	14.431	0.066	13.487	0.10800000000000001
58412.25645859	14.360999999999999	0.065	13.422	0.099
57149.76577571	14.419	0.068	13.437000000000001	0.08900000000000001
58612.4877791	14.509	0.08199999999999999	13.56	0.111
58248.09646259	14.392000000000001	0.065	13.780999999999999	0.139
56787.63448057	14.225	0.055	13.174000000000001	0.068
57150.42220253	14.607000000000001	0.081	13.742	0.11699999999999999
56788.16102265	14.315	0.065	13.194	0.075
58248.09658991	14.356	0.065	13.484000000000002	0.091
57329.10379873	14.464	0.066	13.575	0.10099999999999999
57516.9359035	14.583	0.071	13.57	0.099
56788.75327113	14.355	0.057999999999999996	13.447000000000001	0.085
58412.71449356	14.360999999999999	0.063	13.407	0.09300000000000001
56787.96352162	14.334000000000001	0.065	13.205	0.073
58048.5083953	14.673	0.077	14.296	0.28300000000000003
58612.88036605	14.298	0.06	13.436	0.106
58776.8532445	14.45	0.063	13.599	0.099
57881.05936499	14.718	0.122	13.714	0.111
57328.7759031	14.593	0.071	13.780999999999999	0.111
57517.00135523	14.669	0.081	13.593	0.095
58248.81630367	14.4	0.075	13.99	0.149
58612.42232744	14.395	0.076	13.338	0.105
56788.49006375	14.239	0.057	13.177999999999999	0.069
56969.82398115	14.495	0.073	13.574000000000002	0.115
57328.57916574	14.625	0.10800000000000001	13.705	0.11
58613.01114213	14.488	0.07	13.307	0.10800000000000001
58611.89909613	14.421	0.073	13.63	0.11800000000000001
56969.62673455	14.283	0.065	13.284	0.08900000000000001
58612.35700307	14.38	0.065	13.411	0.10300000000000001
58048.11555769	14.845	0.099	13.74	0.111
57149.56891131	14.489	0.073	13.529000000000002	0.11199999999999999
58776.26443466	14.407	0.062	13.325	0.092
57150.15963186	14.448	0.07200000000000001	13.648	0.18
57516.80474529	14.92	0.11599999999999999	13.648	0.098
58248.35826925	14.204	0.083	13.575	0.113
57150.55336057	14.520999999999999	0.081	13.5	0.1
58411.73297253	14.347999999999999	0.067	13.359000000000002	0.092
57149.96276747	14.604000000000001	0.076	13.77	0.128
58245.80565299	14.474	0.073	13.484000000000002	0.10400000000000001
57881.1249441	14.569	0.07400000000000001	14.007	0.253
56788.35839638	14.374	0.063	13.305	0.078
57517.26341685	14.505999999999998	0.076	13.843	0.146
57687.96960778	14.634	0.076	13.642999999999999	0.115
58412.38736249	14.432	0.071	13.585999999999999	0.129
58409.37773086	14.324000000000002	0.061	13.273	0.087
57150.55348793	14.681	0.08800000000000001	13.741	0.145
56787.76614789	14.317	0.07	13.283	0.08900000000000001
57150.29091722	14.655999999999999	0.08900000000000001	13.675999999999998	0.131
56969.88968758	14.525	0.07	13.475999999999999	0.109
58248.42372096	14.475999999999999	0.069	13.536	0.114
56969.95539396	14.360999999999999	0.075	13.338	0.102
58408.72334081	14.389000000000001	0.064	13.800999999999998	0.22
58408.98514757	14.315	0.059000000000000004	13.454	0.124
57149.89706106	14.765	0.09300000000000001	13.453	0.09300000000000001
57880.6010755	14.859000000000002	0.111	13.638	0.129
57688.5591886	14.932	0.124	13.718	0.111
57881.0594923	14.727	0.087	13.811	0.12
58409.31227917	14.398	0.083	13.5	0.122
57881.32129924	14.708	0.081	14.071	0.174
58049.09758816	14.661	0.076	13.89	0.13699999999999998
58612.02987212	14.453	0.07400000000000001	13.520999999999999	0.124
57153.63812174	14.76	0.086	13.808	0.172
58612.68401098	14.591	0.102	13.311	0.10800000000000001
56970.02122775	14.485	0.095	13.485	0.095
58409.18137583	14.314	0.063	13.610999999999999	0.115
58247.96568653	14.347999999999999	0.063	13.482999999999999	0.092
57881.25584749	14.654000000000002	0.077	13.776	0.131
58245.21671523	14.42	0.071	13.569	0.151
58248.81643103	14.443	0.067	13.51	0.128
57329.4318217	14.591	0.081	13.735999999999999	0.113
58244.82413181	14.341	0.098	13.921	0.171
57688.16609098	14.812000000000001	0.098	13.783	0.128
58248.48917262	14.344000000000001	0.064	13.519	0.145
58245.41307022	14.482999999999999	0.07	13.478	0.109
58776.72234127	14.357000000000001	0.059000000000000004	13.780999999999999	0.182
57517.5256058	14.548	0.07	13.710999999999999	0.10400000000000001
58245.47852193	14.41	0.068	13.585	0.134
57880.99391324	14.655	0.078	13.857999999999999	0.12300000000000001
58412.06023098	14.472999999999999	0.07200000000000001	13.387	0.131
58776.59156536	14.433	0.065	13.581	0.10300000000000001
58048.11568505	14.627	0.076	13.748	0.102
58412.12555525	14.402999999999999	0.066	13.402000000000001	0.083
58409.24682748	14.321	0.061	13.557	0.113
57687.44548284	14.852	0.1	13.659	0.114
58776.52611381	14.37	0.07	13.493	0.102
56788.22685637	14.282	0.055	13.225	0.077
56969.69244097	14.603	0.07	13.434000000000001	0.098
58049.22849156	14.637	0.075	13.744000000000002	0.122
57329.16937782	14.562999999999999	0.081	13.99	0.187
57328.71032395	14.552	0.067	13.357000000000001	0.132
57688.23167015	14.788	0.08900000000000001	13.702	0.139
57517.06693433	14.597000000000001	0.071	13.607999999999999	0.10099999999999999
57687.90402846	14.702	0.087	13.825	0.151
57328.84148221	14.578	0.07400000000000001	13.673	0.115
57687.57651404	14.705	0.086	13.742	0.122
57149.83148201	14.515999999999998	0.076	13.599	0.133
56970.08693409	14.404000000000002	0.07400000000000001	13.478	0.09300000000000001
57881.5832335	14.707	0.084	13.699000000000002	0.145
58248.22736596	14.369000000000002	0.073	13.535	0.098
57688.10063903	14.727	0.077	13.684000000000001	0.124
57880.73210631	14.6	0.08900000000000001	13.76	0.113
57880.86300975	14.765	0.084	13.833	0.139
58612.55323495	14.335999999999999	0.07400000000000001	13.945	0.25
58244.95490847	14.455	0.07	13.543	0.131
57516.54268372	14.844000000000001	0.086	13.57	0.125
57688.03505972	14.559000000000001	0.078	13.79	0.138
57688.23154284	14.698	0.081	13.748	0.121
58245.08581185	14.427	0.07400000000000001	13.562999999999999	0.155
57150.09405287	14.59	0.075	13.593	0.154
58776.46066218	14.415	0.068	13.624	0.13699999999999998
57149.43762595	14.677999999999999	0.083	13.579	0.127
58612.42245477	14.372	0.064	13.540999999999999	0.109
57516.41165292	14.689	0.08199999999999999	13.620999999999999	0.102
57516.6737145	14.634	0.077	13.677999999999999	0.111
58248.29281758	14.28	0.059000000000000004	13.57	0.10400000000000001
57687.44561015	14.524000000000001	0.07	13.743	0.152
56970.34988712	14.544	0.069	13.284	0.086
58248.9472071	14.44	0.09300000000000001	13.495	0.1
57516.87032439	14.72	0.08800000000000001	13.662	0.105
57517.13238606	14.542	0.073	13.61	0.17300000000000001
57881.45233	14.783	0.085	13.764000000000001	0.124
57687.7075453	14.618	0.08900000000000001	13.744000000000002	0.139
58245.67474961	14.39	0.067	13.692	0.16
58612.74946266	14.578	0.084	13.512	0.10400000000000001
57329.43169434	14.648	0.141	13.645999999999999	0.105
56787.89781527	14.33	0.073	13.347999999999999	0.095
58411.60206921	14.198	0.067	13.548	0.134
58247.83478258	14.427999999999999	0.07	13.493	0.11800000000000001
58048.70475045	14.683	0.086	13.607000000000001	0.11
56788.29256272	14.425999999999998	0.066	13.297	0.079
58248.55462428	14.263	0.062	13.578	0.13699999999999998
57329.30053609	14.463	0.068	13.652999999999999	0.107
58409.44318255	14.277000000000001	0.061	13.578	0.196
58776.00275558	14.350999999999999	0.062	13.575	0.13699999999999998
57328.97264042	14.584000000000001	0.076	13.89	0.136
58048.24658845	14.652999999999999	0.073	13.870999999999999	0.153
57329.03821957	14.411	0.1	13.607999999999999	0.105
57328.90706135	14.467	0.068	13.692	0.129
58776.13365881	14.395	0.063	13.604000000000001	0.132
57688.42815336	14.640999999999998	0.07400000000000001	13.767000000000001	0.11199999999999999
56788.62160376	14.407	0.067	13.386	0.086
56788.09518904	14.401	0.061	13.42	0.09
56970.21847426	14.605	0.079	13.584000000000001	0.13
58612.61868663	14.419	0.067	13.732999999999999	0.11800000000000001
58776.98402042	14.527000000000001	0.073	13.493	0.09
58612.16077552	14.536	0.07200000000000001	13.603	0.12
56969.36378161	14.579	0.081	13.463	0.096
58048.77032951	14.73	0.135	13.607000000000001	0.10400000000000001
58048.44294355	14.75	0.079	13.818	0.11599999999999999
57150.02834652	14.667	0.09	13.823	0.20199999999999999
56969.75814741	14.263	0.067	13.529000000000002	0.094
57881.7141369	14.859000000000002	0.096	13.804	0.146
58409.11554163	14.270999999999999	0.067	13.458	0.10400000000000001
58409.18150321	14.352	0.067	13.435	0.1
58048.57384696	14.751	0.08800000000000001	13.770999999999999	0.109
58776.19898303	14.39	0.08	13.757	0.13
58048.6392987	14.792	0.084	13.76	0.126
58776.39533791	14.458	0.069	13.561	0.121
57149.70019667	14.539000000000001	0.079	13.700999999999999	0.145
56969.49519438	14.714	0.08800000000000001	13.499	0.10800000000000001
57517.19796512	14.622	0.079	13.387	0.094
57881.19039574	14.485999999999999	0.069	14.142000000000001	0.196
57517.39444759	14.652000000000001	0.09	13.398	0.125
58245.34761851	14.458	0.081	13.668	0.172
58412.32191085	14.392999999999999	0.092	13.727	0.15
56969.36365429	14.279000000000002	0.07200000000000001	13.648	0.11
56788.02935532	14.270999999999999	0.07	13.243	0.107
