mjd	w1mag	w1sig	w2mag	w2sig
56795.64160414	11.199000000000002	0.02	10.749	0.02
57348.53690277	11.110999999999999	0.02	10.741	0.024
57348.07784807	11.274000000000001	0.019	10.637	0.022000000000000002
58079.36277925	11.215	0.019	10.767999999999999	0.025
57154.07641914	11.137	0.016	10.72	0.019
57874.29453211	11.152999999999999	0.018000000000000002	10.698	0.022000000000000002
57873.90169427	11.195	0.02	10.722000000000001	0.023
57513.37655363	11.189	0.019	10.724	0.018000000000000002
56986.21431301	11.152000000000001	0.016	10.724	0.021
57513.04891281	11.094000000000001	0.019	10.720999999999998	0.021
56795.97064491	11.081	0.016	10.710999999999999	0.02
56986.34585328	11.175999999999998	0.019	10.728	0.019
57347.6843726	11.164000000000001	0.017	10.715	0.019
58237.73561385	11.18	0.019	10.699000000000002	0.021
57715.04363245	11.190999999999999	0.018000000000000002	10.61	0.03
57712.161461	11.175	0.019	10.715	0.021
57873.83624248	11.189	0.017	10.7	0.021
58601.08442274	11.269	0.023	10.751	0.024
57712.22704012	11.182	0.019	10.69	0.021
57712.75103654	11.140999999999998	0.019	10.735999999999999	0.023
57154.53585416	11.179	0.017	10.715	0.019
57715.50217703	11.203	0.022000000000000002	10.705	0.022000000000000002
57348.66806127	11.163	0.021	10.717	0.024
57154.86400391	11.133	0.016	10.717	0.02
58443.94871766	11.165999999999999	0.018000000000000002	10.731	0.02
58237.47380694	11.18	0.019	10.67	0.023
56795.70743771	11.152000000000001	0.016	10.687999999999999	0.019
58810.62873503	11.175	0.02	10.696	0.026000000000000002
58601.93491344	11.190999999999999	0.017	10.763	0.02
58237.40835519	11.213	0.017	10.702	0.019
56795.57589784	11.197000000000001	0.018000000000000002	10.753	0.023
57154.92958291	11.172	0.018000000000000002	10.712	0.018000000000000002
57712.29249197	11.165	0.019	10.71	0.022000000000000002
58810.23627968	11.172	0.017	10.682	0.02
58451.86697415	11.165999999999999	0.018000000000000002	10.749	0.023
58601.60778222	11.175999999999998	0.016	10.738	0.019
58079.42823094	11.22	0.019	10.645	0.023
56795.1810235	11.192	0.017	10.742	0.018000000000000002
58237.34290348	11.155	0.02	10.703	0.023
58443.22900317	11.186	0.02	10.74	0.02
57513.70419127	11.114	0.019	10.722000000000001	0.019
57154.33898976	11.092	0.021	10.72	0.019
57715.30556694	11.177	0.019	10.748	0.022000000000000002
57714.78157061	11.167	0.017	10.720999999999998	0.02
57514.03170473	11.161	0.019	10.705	0.02
57347.81553111	11.163	0.017	10.704	0.019
56986.47726626	11.145	0.017	10.724	0.023
58601.4770056	11.216	0.018000000000000002	10.683	0.021
57715.17466343	11.129000000000001	0.021	10.782	0.026000000000000002
57513.50758144	11.159	0.016	10.718	0.018000000000000002
57154.60143315	11.17	0.019	10.704	0.018000000000000002
58079.23187578	11.157	0.018000000000000002	10.735	0.021
57154.2077045	11.161	0.016	10.709000000000001	0.02
58079.29732751	11.167	0.018000000000000002	10.696	0.021
58237.14667559	11.189	0.019	10.71	0.022000000000000002
58601.34610218	11.107000000000001	0.02	10.817	0.025
58602.06568954	11.175999999999998	0.018000000000000002	10.806	0.022000000000000002
58237.27757904	11.148	0.02	10.755999999999998	0.021
58078.96994152	11.183	0.017	10.727	0.021
56985.75424032	11.173	0.022000000000000002	10.683	0.019
56796.16814576	11.137	0.016	10.708	0.019
58810.49744964	11.135	0.019	10.704	0.022000000000000002
58443.81781418	11.251	0.019	10.716	0.022000000000000002
57348.20900657	11.210999999999999	0.02	10.667	0.025
58079.95197288	11.077	0.021	10.747	0.022000000000000002
57712.62000561	11.175	0.019	10.763	0.024
58237.99742144	11.165	0.021	10.783	0.023
57154.66713951	11.158	0.019	10.69	0.024
56795.4442306	11.151	0.018000000000000002	10.725999999999999	0.02
58601.80401001	11.220999999999998	0.02	10.767999999999999	0.021
57873.44340473	11.219000000000001	0.022000000000000002	10.758	0.021
57873.96714602	11.194	0.017	10.763	0.023
56796.03647853	11.145999999999999	0.016	10.630999999999998	0.021
57715.76411161	11.197000000000001	0.018000000000000002	10.658	0.021
58810.89041499	11.168	0.02	10.769	0.024
58810.56328334	11.15	0.017	10.693	0.02
56986.60867921	11.097000000000001	0.019	10.73	0.025
57513.17994374	11.107999999999999	0.018000000000000002	10.717	0.024
57155.06086831	11.155999999999999	0.016	10.731	0.021
58443.62158626	11.229000000000001	0.018000000000000002	10.767999999999999	0.023
57348.14342735	11.192	0.018000000000000002	10.665999999999999	0.02
57715.24011519	11.119000000000002	0.018000000000000002	10.757	0.022000000000000002
56986.28001946	11.140999999999998	0.018000000000000002	10.709000000000001	0.019
56986.74021951	11.149000000000001	0.018000000000000002	10.714	0.02
58443.88326587	11.114	0.021	10.685	0.02
57874.09817688	11.217	0.018000000000000002	10.671	0.021
56986.08290007	11.123	0.019	10.692	0.019
57513.44200538	11.152000000000001	0.02	10.725999999999999	0.018000000000000002
57154.79842492	11.142999999999999	0.018000000000000002	10.713	0.02
58601.67323391	11.225	0.019	10.719000000000001	0.023
58811.08664267	11.199000000000002	0.019	10.629000000000001	0.026000000000000002
57873.57430818	11.205	0.018000000000000002	10.749	0.021
58601.08455006	11.099	0.021	10.623	0.023
58444.07962115	11.261	0.019	10.753	0.022000000000000002
57513.90067385	11.205	0.017	10.693	0.018000000000000002
58443.55613457	11.14	0.017	10.698	0.021
58443.75248975	11.125	0.019	10.751	0.022000000000000002
57712.03043003	11.206	0.019	10.700999999999999	0.02
56795.64173146	11.048	0.021	10.710999999999999	0.023
56986.34572596	11.207	0.018000000000000002	10.725	0.019
57873.70521167	11.220999999999998	0.021	10.685	0.021
56985.88565326	11.16	0.016	10.664000000000001	0.021
58079.82094205	11.155999999999999	0.019	10.675	0.021
58079.62458623	11.199000000000002	0.018000000000000002	10.715	0.018000000000000002
57347.94668962	11.171	0.017	10.724	0.018000000000000002
57712.42352289	11.182	0.02	10.713	0.023
57154.73271851	11.134	0.016	10.700999999999999	0.019
58237.27745172	11.261	0.021	10.729000000000001	0.019
57348.2745858	11.177999999999999	0.017	10.677	0.021
58810.82496329	11.158	0.017	10.706	0.02
56985.75411295	11.208	0.019	10.737	0.02
56986.14860652	11.187000000000001	0.017	10.734000000000002	0.021
57513.57303313	11.204	0.019	10.679	0.019
57877.76474816	11.202	0.018000000000000002	10.765999999999998	0.024
57874.03272513	11.144	0.022000000000000002	10.685	0.027000000000000003
57714.65053964	11.117	0.017	10.732999999999999	0.022000000000000002
58444.21052458	11.14	0.024	10.738	0.023
58810.75951159	11.116	0.019	10.720999999999998	0.023
57715.10908431	11.145	0.016	10.739	0.021
58237.01577213	11.184000000000001	0.02	10.696	0.023
57513.44213275	11.175	0.02	10.728	0.021
56986.01706626	11.142000000000001	0.017	10.655999999999999	0.024
57155.19215367	11.174000000000001	0.016	10.712	0.018000000000000002
57712.4889747	11.17	0.017	10.734000000000002	0.024
57154.92971027	11.21	0.021	10.737	0.024
58237.86651793	11.198	0.019	10.744000000000002	0.022000000000000002
58237.60471039	11.148	0.018000000000000002	10.731	0.02
58443.49068282	11.18	0.017	10.707	0.022000000000000002
57874.16362861	11.175	0.018000000000000002	10.734000000000002	0.021
57715.63308064	11.168	0.021	10.699000000000002	0.022000000000000002
57873.70533898	11.202	0.022000000000000002	10.758	0.023
57715.17453606	11.120999999999999	0.022000000000000002	10.702	0.023
56986.41155977	11.065	0.02	10.713	0.022000000000000002
58601.73868565	11.154000000000002	0.017	10.719000000000001	0.019
57348.40574435	11.128	0.017	10.704	0.021
58810.36705566	11.169	0.018000000000000002	10.689	0.019
58443.68703801	11.162	0.018000000000000002	10.732000000000001	0.021
58601.80413733	11.173	0.02	10.732999999999999	0.021
57712.35794373	11.148	0.017	10.710999999999999	0.021
58079.69003854	11.163	0.017	10.765	0.021
58079.55913444	11.186	0.018000000000000002	10.764000000000001	0.021
57715.50204971	11.129000000000001	0.021	10.739	0.019
58443.35977929	11.158	0.018000000000000002	10.714	0.024
58810.95586668	11.222000000000001	0.019	10.75	0.021
57874.5564664	11.165	0.017	10.674000000000001	0.019
58236.88486858	11.177999999999999	0.017	10.780999999999999	0.022000000000000002
57714.91260154	11.212	0.018000000000000002	10.775	0.022000000000000002
57522.68088565	11.126	0.019	10.699000000000002	0.02
56795.83910499	11.12	0.016	10.69	0.019
57715.37114611	11.283	0.02	10.72	0.02
58079.95184557	11.155	0.022000000000000002	10.719000000000001	0.021
57513.76964301	11.163	0.017	10.735	0.019
57154.47027516	11.175	0.018000000000000002	10.686	0.02
57348.79921977	11.118	0.02	10.788	0.024
58079.49368272	11.225	0.018000000000000002	10.761	0.026000000000000002
56795.90493861	11.065999999999999	0.018000000000000002	10.699000000000002	0.021
58079.10084503	11.193	0.019	10.694	0.022000000000000002
57874.03259777	11.175	0.022000000000000002	10.693	0.021
56796.29968625	11.125	0.016	10.668	0.019
58601.21481676	11.119000000000002	0.022000000000000002	10.745999999999999	0.02
58237.53925869	11.179	0.016	10.772	0.021
56795.31269073	11.16	0.017	10.699000000000002	0.021
58237.99729407	11.18	0.021	10.7	0.02
57712.88206751	11.110999999999999	0.02	10.724	0.023
57513.63861222	11.177	0.018000000000000002	10.702	0.019
57348.34016508	11.151	0.018000000000000002	10.705	0.022000000000000002
57514.16286289	11.217	0.021	10.698	0.019
56795.77327138	11.237	0.02	10.74	0.022000000000000002
58810.69418726	11.168	0.018000000000000002	10.720999999999998	0.021
58811.21741866	11.158	0.019	10.693	0.022000000000000002
57154.60156047	11.26	0.02	10.717	0.021
58602.19659296	11.172	0.018000000000000002	10.734000000000002	0.019
57874.42556292	11.193	0.02	10.770999999999999	0.022000000000000002
57513.31097451	11.128	0.021	10.700999999999999	0.019
58601.54194797	11.145999999999999	0.02	10.716	0.022000000000000002
