|   ra      |    dec    |
|   double  |    double |
 2.47917      25.9175
 2.77917      -12.10056
 4.7125      -10.3675
 10.69583      -23.55083
 13.51667      73.08333
 14.42083      43.78417
 16.94167      -17.50083
 17.5375      -16.85
 20.00417      14.35083
 26.125       17.1
 27.80833      22.56806
 28.72083      36.90139
 32.5375      39.18361
 32.4125      -10.13444
 32.42917      -10.18333
 33.51667      5.16722
 34.49583      14.53417
 35.84167      32.18444
 36.02917      47.96667
 37.67917      -2.93361
 39.35417      21.1
 40.67083      -0.00111
 41.57083      13.08444
 41.65833      21.58333
 43.50833      14.96694
 48.75417      42.03333
 49.94583      41.50083
 51.27083      40.55083
 54.70417      15.53472
 58.56667      15.91778
 60.62917      60.33417
 63.09167      5.53444
 65.33333      -18.8011
 67.6375       38.91778
 68.20833      29.5
 68.5         -8.56778
 68.89167      19.16694
 72.15833      -6.31694
 76.93333      -8.01667
 77.0875      17.36667
 77.85833      24.75056
 79.22917      51.51806
 79.92083      5.63444
 80.275       -10.23444
 81.31667      19.16778
 85.51667      69.3675
 85.18333      49.68444
 86.45417      58.7
 86.79583      17.55111
 93.6125       80.45
 92.4375      -21.66722
 94.66667      78.35056
 94.09583      -21.36722
 97.94583      -17.61694
 104.39167      46.40028
 107.325       20.63333
 112.22083      33.81667
 113.92917      11.70083
 129.59583      65.11694
 129.6         25.75028
 144.1625      48.46694
 146.58333      3.05056
 151.0125      -6.4675
 155.5875       21.56694
 165.975        40.85
 168.67083      -23.7175
 170.30417      -2.98333
 171.4375       14.6675
 183.5375       54.51778
 186.2625      -6.66778
 186.72917      -0.86778
 195.35833      29.30111
 195.5875      -15.76667
 195.71667      -23.91694
 198.10417      -15.78444
 198.75833      24.61694
 198.89583      62.11722
 200.14583      34.13389
 200.35         0.33389
 200.6          -16.7175
 201.42917      -29.81806
 203.22083      -24.20056
 204.575        48.26722
 204.97917      0.83333
 207.3125       35.25028
 208.07083      2.1
 209.64583      37.43472
 214.93333      49.23333
 217.54167      31.20139
 221.2875      -20.86694
 224.25         24.61667
 228.30417      7.2175
 232.50417      12.98389
 233.7375       23.50028
 236.56667      2.40139
 237.45417      -29.38361
 241.3          20.53417
 242.92083      52.45056
 244.79167      -7.88472
 247.73333      4.06806
 250.6625      -9.71694
 251.875       -29.35028
 253.24583      2.4
 253.6         -9.88389
 254.62917      58.93361
 259.15        -10.33444
 268.71667      34.7675
 269.22917      24.01667
 270.13333      -4.00139
 272.90417      1.51778
 273.22917      68.35111
 274.16667      22.10111
 278.4          59.88389
 280.8          60.65028
 285.425        40.73444
 287.75417      73.41694
 306.275        -24.80083
 307.14167      25.71806
 308.27083      -2.0175
 309.32917      25.51778
 314.34583      17.1175
 333.66667      -27.45111
 337.8625      -19.01806
 340.3          34.23472
 345.81667      8.86722
 346.2375       19.55
 349.00833      25.55083
 349.56667      6.58333
 349.59167      -4.40139
 351.9875       8.76778
 352.19583      3.50111
 355.50833      -3.60111
 356.75417      29.46694
 357.85417      20.10083
 357.85833      20.58333
